-0.0595
0.0399
0.0398
0.0472
0.0471
0.0521
0.042
0.0494
0.0593
0.0593
0.0642
0.0766
0.0841
0.0815
0.0814
0.0664
0.0463
0.0387
0.0237
0.0161
0.006
0.011
0.0159
0.0083
0.0208
0.0257
0.0332
0.0456
0.0755
0.101
0.105
0.115
0.1
0.103
0.0926
0.0851
0.075
0.0575
0.0549
0.0649
0.0723
0.0772
0.0947
0.0896
0.0871
0.0745
0.0645
0.0494
0.0369
0.0043
-0.0058
-0.0058
-0.0058
-0.0009
0.0315
0.0615
0.0839
0.0714
0.0338
-0.0262
-0.0862
-0.0688
-0.0439
-0.0164
0.0236
0.051
0.0384
0.0134
-0.0266
-0.0792
-0.0392
0.0007
0.0507
0.0306
0.0031
-0.0244
-0.042
-0.0345
-0.0395
-0.0171
-0.0196
0.0054
0.0278
0.0528
0.1
0.128
0.15
0.18
0.163
0.168
0.13
0.103
0.0675
0.0349
-0.0051
-0.0551
-0.115
-0.0952
-0.0502
-0.0052
0.0172
0.0222
-0.0053
-0.0426
-0.0578
-0.0379
0.0046
0.0396
0.0696
0.0845
0.072
0.0445
0.022
-0.0055
-0.043
-0.0455
-0.0556
-0.0706
-0.0606
-0.0381
-0.0081
0.0094
0.0468
0.0368
0.0468
0.0618
0.0743
0.0868
0.0868
0.0893
0.0718
0.0418
-0.0032
-0.0257
-0.0132
0.0218
0.0418
0.0818
0.0718
0.0093
-0.0657
-0.0907
-0.113
-0.113
-0.103
-0.0857
-0.0557
-0.0357
-0.0232
-0.0256
0.0019
0.0169
0.0319
0.0244
0.0219
0.0119
-0.0105
-0.0155
-0.0405
-0.088
-0.078
-0.0579
-0.0054
0.0346
0.0896
0.14
0.172
0.16
0.147
0.0998
0.0548
0.0098
-0.0101
0.0049
0.0125
0.0225
0.045
0.0701
0.0951
0.0851
0.0702
0.0477
0.0203
0.0353
0.0404
0.0454
0.018
-0.0245
-0.0894
-0.147
-0.189
-0.172
-0.157
-0.137
-0.144
-0.154
-0.159
-0.134
-0.0714
-0.0288
-0.0262
-0.0362
-0.0636
-0.104
-0.113
-0.0734
-0.106
-0.111
-0.156
-0.186
-0.221
-0.183
-0.108
-0.0353
0.0198
0.0824
0.115
0.135
0.115
0.0627
0.0178
0.0054
0.0155
0.0156
0.0257
0.0558
0.0858
0.148
0.219
0.246
0.244
0.231
0.186
0.129
0.0842
0.0068
-0.0956
-0.181
-0.21
-0.21
-0.16
-0.0725
0.0151
-0.0348
-0.112
-0.16
-0.169
-0.154
-0.134
-0.0841
-0.0239
-0.0213
-0.0587
-0.0785
-0.118
-0.128
-0.108
-0.053
0.0321
0.0948
0.14
0.2
0.255
0.303
0.278
0.213
0.191
0.261
0.384
0.479
0.521
0.542
0.00574
0.562
0.432
0.27
0.125
0.0675
-0.0048
-0.0047
0.053
0.141
0.233
0.281
0.349
0.486
0.569
0.622
0.652
0.692
0.667
0.522
0.17
-0.175
-0.439
-0.624
-0.787
-1.01
-1.15
-1.26
-1.34
-1.42
-1.48
-1.62
-1.78
-1.9
-1.95
-1.91
-1.87
-1.8
-1.69
-1.63
-1.62
-1.69
-1.77
-1.81
-1.84
-1.82
-1.77
-1.72
-1.69
-1.69
-1.69
-1.45
-1.1
-0.653
-0.12
0.325
0.65
1.01
1.23
1.36
1.43
1.47
1.49
1.5
1.51
1.56
1.61
1.66
1.72
1.75
1.77
1.78
1.76
1.69
1.6
1.48
1.34
1.24
1.17
1.17
1.18
1.21
1.24
1.29
1.33
1.37
1.37
1.34
1.2
1.11
1.02
0.852
0.582
0.2
-0.14
-0.482
-0.704
-0.791
-0.771
-0.713
-0.631
-0.555
-0.532
-0.527
-0.512
-0.494
-0.461
-0.371
-0.271
-0.19
-0.0651
0.0227
0.088
0.111
0.0736
-0.0311
-0.211
-0.438
-0.685
-0.785
-0.787
-0.787
-0.771
-0.741
-0.746
-0.803
-0.853
-0.88
-0.879
-0.902
-0.884
-0.826
-0.718
-0.498
-0.213
-0.0723
0.111
0.188
0.256
0.279
0.259
0.202
0.13
0.148
0.158
0.114
0.0913
0.104
0.0395
-0.19
-0.287
-0.289
-0.232
-0.0413
0.132
0.259
0.322
0.388
0.435
0.433
0.414
0.326
0.267
0.282
0.295
0.305
0.318
0.321
0.306
0.284
0.27
0.315
0.4
0.548
0.616
0.599
0.379
0.052
-0.305
-0.477
-0.517
-0.467
-0.374
-0.328
-0.343
-0.388
-0.422
-0.44
-0.469
-0.429
-0.353
-0.223
-0.168
-0.127
-0.0946
-0.0767
-0.101
-0.111
-0.0856
0.0397
0.08
0.0929
0.0757
0.0386
0.0239
0.0193
-0.0328
-0.118
-0.212
-0.357
-0.481
-0.556
-0.583
-0.543
-0.408
-0.14
0.168
0.491
0.671
0.767
0.755
0.677
0.473
0.351
0.328
0.329
0.347
0.34
0.337
0.35
0.391
0.463
0.484
0.467
0.407
0.317
0.243
0.193
0.143
0.0812
0.054
0.0568
0.105
0.178
0.215
0.273
0.271
0.171
-0.0658
-0.29
-0.34
-0.32
-0.272
-0.242
-0.246
-0.378
-0.486
-0.575
-0.625
-0.675
-0.709
-0.724
-0.739
-0.748
-0.725
-0.658
-0.57
-0.429
-0.337
-0.284
-0.236
-0.213
-0.23
-0.295
-0.367
-0.439
-0.452
-0.451
-0.393
-0.291
-0.143
-0.0001
0.0927
0.168
0.146
0.119
0.0789
0.0442
0.0595
0.12
0.193
0.218
0.246
0.244
0.264
0.267
0.289
0.33
0.385
0.455
0.531
0.568
0.579
0.529
0.419
0.272
0.195
0.183
0.2
0.246
0.278
0.311
0.334
0.344
0.362
0.365
0.335
0.303
0.21
0.133
0.0034
-0.139
-0.221
-0.231
-0.186
-0.1
0.0499
0.105
0.13
0.141
0.173
0.174
0.171
0.147
0.109
0.0395
-0.1
-0.215
-0.277
-0.315
-0.324
-0.297
-0.239
-0.194
-0.066
0.0667
0.0819
0.0271
-0.0776
-0.205
-0.245
-0.275
-0.284
-0.219
-0.127
-0.0513
0.0239
0.0741
0.142
0.172
0.195
0.17
0.0125
-0.15
-0.25
-0.292
-0.322
-0.337
-0.332
-0.264
-0.156
-0.106
-0.0834
-0.0782
-0.106
-0.116
-0.113
-0.0852
-0.045
0.0151
0.0427
0.0529
0.0355
0.0131
-0.0093
-0.0316
-0.0065
0.0486
0.0912
0.136
0.251
0.372
0.467
0.562
0.609
0.622
0.597
0.462
0.352
0.202
0.102
0.055
0.0151
-0.0099
-0.0098
0.0153
0.0279
0.0429
0.043
0.068
0.0931
0.101
0.128
0.163
0.163
0.0559
-0.129
-0.162
-0.149
-0.146
-0.144
-0.146
-0.161
-0.151
-0.139
-0.104
-0.0763
0.0188
0.0638
0.0988
0.131
0.154
0.171
0.164
0.121
0.0563
-0.111
-0.269
-0.374
-0.419
-0.376
-0.304
-0.179
-0.0289
0.104
0.156
0.201
0.201
0.176
0.131
0.0184
-0.0692
-0.129
-0.162
-0.147
-0.0794
0.0305
0.143
0.253
0.34
0.388
0.368
0.343
0.323
0.302
0.287
0.292
0.3
0.305
0.309
0.309
0.324
0.342
0.307
0.239
0.151
0.0161
-0.0965
-0.274
-0.322
-0.329
-0.289
-0.252
-0.177
-0.135
-0.09
-0.0227
0.0147
0.067
0.0993
0.0742
0.009
-0.111
-0.176
-0.211
-0.239
-0.259
-0.26
-0.252
-0.242
-0.22
-0.19
-0.143
-0.0981
-0.0733
-0.061
-0.0662
-0.0539
-0.0366
-0.0119
0.0554
0.0952
0.188
0.262
0.34
0.372
0.394
0.381
0.351
0.283
0.211
0.155
0.0776
0.0374
0.0047
-0.0206
-0.0483
-0.0911
-0.131
-0.159
-0.164
-0.145
-0.0574
0.0273
0.104
0.199
0.254
0.299
0.326
0.323
0.298
0.182
0.0247
-0.0806
-0.121
-0.124
-0.094
-0.0293
0.0153
0.0325
-0.0603
-0.168
-0.263
-0.281
-0.254
-0.237
-0.252
-0.265
-0.285
-0.296
-0.279
-0.234
-0.197
-0.127
-0.06
0.0071
0.0793
0.139
0.191
0.213
0.203
0.177
0.0546
-0.0708
-0.169
-0.204
-0.194
-0.155
-0.0827
-0.0156
0.034
0.0736
0.0907
0.0753
0.0524
-0.0005
-0.0434
-0.0588
-0.0542
-0.0146
0.055
0.135
0.209
0.256
0.288
0.27
0.22
0.155
0.0641
-0.0613
-0.149
-0.19
-0.215
-0.191
-0.154
-0.156
-0.142
-0.127
-0.11
-0.0757
-0.0212
0.0459
-0.0021
-0.085
-0.118
-0.119
-0.0814
-0.0094
0.0576
0.0772
0.107
0.124
0.131
0.118
0.0998
0.0743
-0.0087
-0.164
-0.245
-0.263
-0.248
-0.221
-0.192
-0.165
-0.148
-0.103
-0.0486
0.0259
0.0804
0.112
0.134
0.156
0.171
0.168
0.162
0.139
0.101
0.0433
-0.0047
-0.0427
-0.0532
-0.0562
-0.0292
-0.0173
-0.0028
-0.0008
-0.0113
-0.0319
-0.0124
0.0146
0.074
0.149
0.2
0.282
0.332
0.414
0.448
0.48
0.465
0.412
0.314
0.191
0.09
-0.0105
-0.056
-0.0466
-0.0397
-0.0202
-0.0233
-0.0363
-0.0469
-0.0374
-0.013
0.0065
0.0359
0.0203
-0.0277
-0.0883
-0.129
-0.154
-0.19
-0.213
-0.236
-0.224
-0.192
-0.125
-0.0859
-0.0764
-0.057
-0.0476
-0.0381
-0.0387
-0.0493
-0.0674
-0.118
-0.186
-0.239
-0.275
-0.28
-0.263
-0.241
-0.222
-0.208
-0.201
-0.186
-0.174
-0.155
-0.105
-0.076
-0.0191
0.0128
0.0722
0.139
0.181
0.203
0.187
0.162
0.106
0.0732
-0.0649
-0.136
-0.124
-0.127
-0.105
-0.0678
-0.0134
0.036
0.0779
0.135
0.114
0.101
0.0456
0.0175
0.0344
0.0788
0.146
0.135
0.122
0.074
0.0434
-0.0172
-0.0503
-0.0784
-0.0415
0.003
0.0524
0.0943
0.129
0.176
0.218
0.252
0.294
0.316
0.303
0.265
0.189
0.138
0.0604
-0.0377
-0.118
-0.154
-0.159
-0.143
-0.108
-0.0937
-0.0768
-0.0773
-0.0704
-0.086
-0.0841
-0.0971
-0.115
-0.131
-0.159
-0.234
-0.28
-0.298
-0.309
-0.314
-0.322
-0.328
-0.323
-0.322
-0.312
-0.293
-0.248
-0.209
-0.112
-0.0199
0.0245
0.0464
0.0959
0.125
0.132
0.107
0.0561
0.0106
-0.0275
-0.058
-0.104
-0.154
-0.195
-0.225
-0.241
-0.261
-0.262
-0.245
-0.188
-0.119
-0.0516
0.0054
0.0423
0.0418
0.0587
0.0757
0.105
0.122
0.139
0.139
0.118
0.0899
0.0369
-0.0111
-0.0041
0.0053
-0.0102
-0.0482
-0.0787
-0.104
-0.0998
-0.0653
-0.0308
0.0461
0.103
0.103
0.0671
0.0016
-0.0439
-0.0519
-0.0349
0.0095
0.0765
0.109
0.123
0.133
0.14
0.137
0.129
0.141
0.125
0.12
0.0665
0.016
-0.0644
-0.15
-0.185
-0.188
-0.214
-0.212
-0.215
-0.2
-0.186
-0.176
-0.132
-0.0822
-0.0027
0.0318
0.0763
0.0684
0.0629
0.0624
0.062
0.0815
0.0885
0.113
0.128
0.135
0.139
0.116
0.0883
0.0379
-0.025
-0.128
-0.123
-0.131
-0.134
-0.155
-0.163
-0.173
-0.166
-0.152
-0.119
-0.0873
-0.0528
-0.0082
0.0164
0.0435
0.0606
0.0576
0.0447
0.0168
-0.0186
-0.049
-0.0819
-0.115
-0.165
-0.156
-0.143
-0.0988
-0.0442
0.0229
0.085
0.0946
0.0567
0.0289
-0.014
-0.0394
-0.0197
0.0224
0.0595
0.0966
0.116
0.0984
0.0806
0.0577
0.0399
0.017
0.0242
0.0313
0.041
0.0556
0.0728
0.09
0.0971
0.107
0.089
0.0661
0.0383
0.023
0.0077
0.0023
-0.0155
-0.0458
-0.0811
-0.104
-0.114
-0.0945
-0.0648
-0.0177
0.0095
0.0318
-0.006
-0.0238
-0.0041
0.0156
0.0453
0.065
0.0722
0.0569
0.0491
0.0389
0.0536
0.0883
0.108
0.135
0.138
0.142
0.13
0.127
0.119
0.106
0.0785
0.0732
0.0929
0.12
0.16
0.185
0.204
0.217
0.209
0.201
0.179
0.0933
0.0631
0.0703
0.0751
0.0624
0.0397
0.002
-0.0257
-0.0434
-0.0511
-0.0513
-0.0191
-0.0093
0.0155
0.0253
0.0376
0.0349
0.0248
-0.0104
-0.0381
-0.0658
-0.0835
-0.0786
-0.0713
-0.089
-0.144
-0.157
-0.2
-0.24
-0.27
-0.288
-0.285
-0.265
-0.255
-0.216
-0.166
-0.118
-0.0836
-0.0212
0.0186
0.0585
0.0733
0.0807
0.0781
0.0704
0.0478
0.0077
-0.0074
-0.04
-0.0252
-0.0153
-0.0054
0.022
0.0344
0.0367
0.0516
0.0515
0.0714
0.0838
0.0887
0.104
0.0985
0.0934
0.0834
0.0658
0.0457
0.0531
0.068
0.0829
0.0954
0.108
0.11
0.105
0.0851
0.07
0.0599
0.0449
0.0298
0.0298
0.0347
0.0472
0.0521
0.0696
0.0845
0.0919
0.0919
0.107
0.112
0.117
0.137
0.152
0.167
0.172
0.182
0.152
0.109
0.0716
0.0391
0.039
0.064
0.0815
0.089
0.0815
0.0515
0.0115
-0.046
-0.076
-0.0585
-0.046
-0.036
-0.0285
-0.036
-0.041
-0.061
-0.086
-0.101
-0.0859
-0.0634
-0.0359
-0.0184
0.0216
0.0542
0.0667
0.0767
0.0693
0.0568
0.0318
0.0519
0.0619
0.082
0.087
0.0895
0.0796
0.0646
0.0397
0.0198
0.0373
0.0974
0.135
0.153
0.138
0.113
0.0977
0.0827
0.0603
0.0829
0.0929
0.123
0.126
0.133
0.116
0.108
0.0934
0.076
0.0461
0.0037
-0.0237
-0.0586
-0.0785
-0.113
-0.123
-0.118
-0.116
-0.113
-0.105
-0.105
-0.108
-0.115
-0.14
-0.145
-0.152
-0.147
-0.13
-0.0995
-0.0818
-0.0517
-0.0316
-0.0015
-0.0089
-0.0062
-0.0186
-0.0535
-0.0708
-0.0932
-0.113
-0.11
-0.0778
-0.0377
-0.025
0.0076
0.0327
0.0629
0.093
0.116
0.136
0.146
0.139
0.126
0.109
0.0991
0.122
0.147
0.175
0.182
0.222
0.253
0.285
0.303
0.298
0.288
0.261
0.249
0.231
0.209
0.194
0.179
0.157
0.132
0.117
0.0999
0.0751
0.0653
0.0804
0.0981
0.121
0.136
0.146
0.149
0.142
0.117
0.109
0.105
0.0948
0.0775
0.0777
0.0654
0.0306
-0.0342
-0.064
-0.0463
-0.036
-0.0309
-0.0257
-0.0379
-0.0577
-0.0875
-0.0898
-0.0821
-0.0819
-0.0767
-0.069
-0.0538
-0.0311
-0.0258
-0.0031
0.0071
0.0173
0.025
0.0178
0.0005
-0.0318
-0.0366
-0.0489
-0.0586
-0.0609
-0.0782
-0.113
-0.143
-0.165
-0.205
-0.255
-0.272
-0.264
-0.246
-0.241
-0.208
-0.186
-0.16
-0.173
-0.192
-0.182
-0.192
-0.202
-0.204
-0.189
-0.184
-0.173
-0.161
-0.12
-0.103
-0.0873
-0.0846
-0.0868
-0.0916
-0.0813
-0.0786
-0.0708
-0.0556
-0.0353
-0.0126
0.0027
0.0229
0.0407
0.0609
0.0687
0.0714
0.0792
0.0769
0.0697
0.0524
0.0327
-0.0071
-0.0193
-0.0415
-0.0363
-0.041
-0.0283
-0.0055
-0.0153
-0.0275
-0.0372
-0.0445
-0.0692
-0.0589
-0.0437
-0.0184
-0.0007
0.0271
0.0323
0.0626
0.0853
0.0981
0.116
0.139
0.151
0.174
0.189
0.215
0.215
0.225
0.218
0.221
0.214
0.201
0.184
0.174
0.162
0.145
0.133
0.13
0.108
0.0909
0.0587
0.0339
0.0167
-0.0105
-0.0278
-0.0425
-0.0722
-0.102
-0.112
-0.121
-0.126
-0.118
-0.116
-0.113
-0.103
-0.12
-0.11
-0.117
-0.129
-0.139
-0.129
-0.126
-0.125
-0.105
-0.0999
-0.112
-0.124
-0.137
-0.154
-0.159
-0.168
-0.156
-0.153
-0.15
-0.147
-0.139
-0.134
-0.134
-0.136
-0.143
-0.156
-0.155
-0.15
-0.122
-0.105
-0.0793
-0.0666
-0.0713
-0.071
-0.0658
-0.048
-0.0327
-0.0175
-0.0122
0.0055
0.0158
0.0261
0.0363
0.0466
0.0393
0.0371
0.0224
0.0201
-0.0046
-0.0068
0.0059
0.0237
0.0414
0.0517
0.0594
0.0847
0.0825
0.0702
0.0555
0.0407
0.041
0.0637
0.0765
0.0892
0.087
0.0873
0.095
0.0878
0.0705
0.0483
0.021
0.0163
-0.001
-0.0132
-0.0205
-0.0127
-0.0125
-0.0122
-0.002
0.0008
0.0035
0.0038
0.0115
0.0168
0.0195
0.0047
-0.0175
-0.0348
-0.047
-0.0493
-0.064
-0.0613
-0.0585
-0.0833
-0.0856
-0.0953
-0.105
-0.135
-0.145
-0.152
-0.164
-0.174
-0.174
-0.171
-0.168
-0.163
-0.165
-0.143
-0.13
-0.097
-0.0843
-0.0716
-0.0639
-0.0611
-0.0509
-0.0607
-0.0505
-0.0577
-0.0675
-0.0723
-0.0796
-0.0818
-0.0716
-0.0589
-0.0512
-0.0585
-0.0683
-0.106
-0.13
-0.145
-0.16
-0.147
-0.152
-0.139
-0.107
-0.0763
-0.0486
-0.0409
-0.0382
-0.028
-0.0303
-0.0101
-0.0049
0.0153
0.0305
0.0307
0.0259
0.0236
0.0113
0.0165
0.0117
-0.0056
-0.0254
-0.0727
-0.1
-0.0873
-0.0746
-0.0594
-0.0517
-0.0415
-0.0388
-0.0187
-0.001
0.0117
0.0369
0.0546
0.0748
0.0675
0.0726
0.0853
0.093
0.0932
0.0859
0.081
0.0862
0.0939
0.114
0.124
0.134
0.157
0.152
0.165
0.173
0.168
0.16
0.153
0.128
0.101
0.0436
0.0163
0.0164
0.0066
0.0142
0.0044
-0.0129
-0.0103
-0.0351
-0.035
-0.0473
-0.0647
-0.057
-0.0694
-0.0767
-0.0816
-0.0914
-0.101
-0.121
-0.116
-0.116
-0.118
-0.126
-0.126
-0.125
-0.128
-0.128
-0.13
-0.127
-0.127
-0.125
-0.124
-0.129
-0.117
-0.117
-0.117
-0.104
-0.0913
-0.0737
-0.066
-0.0434
-0.0408
-0.0432
-0.0481
-0.033
-0.0079
0.0172
0.0648
0.107
0.12
0.115
0.108
0.1
0.0754
0.073
0.0906
0.108
0.101
0.0958
0.0859
0.0785
0.0761
0.0687
0.0613
0.0589
0.0864
0.122
0.144
0.129
0.119
0.117
0.119
0.112
0.122
0.125
0.142
0.13
0.112
0.0824
0.065
0.04
0.0426
0.0302
0.0252
0.0153
0.0129
0.0004
-0.007
-0.022
-0.0344
-0.0468
-0.0518
-0.0693
-0.0767
-0.0716
-0.0691
-0.0666
-0.0765
-0.0615
-0.0539
-0.0414
-0.0238
-0.0063
0.0087
0.0313
0.0388
0.0588
0.0688
0.0714
0.0914
0.101
0.106
0.104
0.0915
0.102
0.102
0.0991
0.0916
0.0941
0.0916
0.0891
0.0866
0.0842
0.0717
0.0817
0.0817
0.0692
0.0592
0.0492
0.0342
0.0292
0.0242
0.0142
0.0092
-0.0008
-0.0033
0.0042
-0.0008
0.0142
0.0316
0.0366
0.0441
0.0391
0.0466
0.0491
0.0615
0.054
0.0515
0.0415
0.0465
0.0339
0.0114
-0.0061
-0.0436
-0.0712
-0.0862
-0.0787
-0.0763
-0.0663
-0.0613
-0.0389
-0.0289
-0.019
0.0035
0.0135
0.0134
0.0134
0.0233
0.0333
0.0307
0.0307
0.0431
0.0381
0.0305
0.028
0.0329
0.0428
0.0478
0.0602
0.0501
0.0601
0.0625
0.0649
0.0674
0.0623
0.0472
0.0472
0
0